FORMAT: 3
2024.12.13 20:50:58 +0300 Counts: 86934, ~cps: 15.147, Time: 5739.30 s
1734112258532
0
0.0
0.0
ДПР радона

5739.300000
8192
3
-4.51604127884
0.639000058174
2.88695264317e-05
-4.09163902759e-09
0
0
0
0
0
0
0
0
0
0
0
0
0
0
0
0
0
0
0
0
0
0
0
0
0
0
0
0
0
0
0
0
228
213
201
233
184
166
170
166
177
155
148
144
117
132
130
119
126
132
144
142
138
125
152
134
157
115
150
125
118
123
117
119
119
115
92
133
110
106
112
150
154
161
145
129
144
146
153
175
168
166
160
167
167
142
141
134
146
126
124
141
130
148
135
128
149
125
136
123
129
146
114
150
126
138
135
146
165
154
185
179
184
213
245
257
288
290
323
345
342
382
432
449
441
472
417
475
452
437
432
453
425
386
386
328
364
303
284
285
279
258
231
253
224
238
198
209
175
171
171
141
164
153
124
125
110
131
112
101
80
96
104
94
66
79
88
91
108
75
74
94
86
79
76
87
74
87
80
81
84
84
76
86
84
64
77
92
90
70
93
79
73
85
75
81
56
88
96
80
99
86
85
96
87
89
84
75
78
80
91
89
78
70
81
88
89
86
87
81
77
79
79
87
85
79
102
98
77
94
86
84
95
85
97
85
95
73
82
88
87
100
89
79
93
73
94
76
82
75
98
83
88
90
71
79
70
94
84
89
85
69
87
76
83
78
71
103
98
96
75
82
91
71
71
86
76
74
75
78
94
75
87
87
71
85
74
69
89
85
85
81
81
75
78
82
84
82
87
100
84
89
86
65
77
82
86
74
87
98
67
81
80
81
57
82
66
69
73
79
82
75
68
65
92
78
71
79
70
65
63
63
86
65
78
77
68
79
78
71
64
78
87
85
78
90
72
66
87
76
72
92
78
70
72
77
77
102
102
108
82
63
95
94
70
95
87
91
100
106
105
92
98
83
99
97
109
74
86
94
88
98
73
97
89
97
96
89
91
80
79
83
93
75
101
81
77
89
78
76
94
73
65
86
90
60
70
72
91
69
74
79
62
66
78
76
73
76
77
59
64
70
76
72
79
74
77
81
73
71
87
65
85
60
85
90
87
89
90
100
86
91
83
74
85
96
82
107
96
100
80
89
90
101
108
83
90
103
87
97
98
99
93
96
74
96
86
76
90
96
84
96
84
83
89
85
83
68
67
66
100
84
65
79
68
62
71
74
76
48
50
88
72
70
64
71
60
60
61
48
75
81
60
66
53
70
80
64
79
68
63
78
66
74
71
65
75
73
75
68
81
78
95
85
83
76
83
85
81
106
97
104
106
99
95
105
93
96
116
114
106
102
103
95
127
100
106
129
104
84
97
89
100
74
82
118
107
101
103
87
83
76
77
76
85
79
103
85
85
83
78
66
69
74
60
69
52
61
63
53
55
49
66
37
43
56
47
49
55
50
43
40
35
28
33
33
39
40
35
42
28
27
44
29
38
31
39
31
40
43
32
36
44
33
39
31
44
39
39
30
20
32
35
31
36
29
30
27
30
34
28
34
32
35
28
29
40
29
27
33
26
44
19
25
25
30
33
27
21
31
24
27
31
30
34
32
28
29
28
30
20
26
25
32
23
27
27
29
22
18
21
22
33
27
32
28
25
23
26
24
15
20
14
31
22
26
21
34
27
19
28
20
20
28
23
27
24
21
22
22
27
29
23
26
20
25
21
27
25
18
22
29
20
23
27
25
15
20
27
26
25
30
24
30
24
23
23
15
29
24
14
31
22
23
20
18
28
26
24
26
25
24
30
17
22
40
29
19
30
20
15
28
23
20
24
26
22
12
23
28
22
27
26
27
27
29
24
27
39
22
37
25
31
27
22
21
30
16
29
25
22
28
32
19
24
19
21
23
28
33
26
17
21
29
22
24
26
22
23
26
13
16
26
16
25
24
27
18
16
23
26
18
25
22
31
19
25
27
21
25
18
27
19
21
23
17
22
30
31
16
26
22
28
18
25
23
23
21
18
19
18
20
28
17
13
26
20
26
25
21
27
23
29
30
21
25
36
20
28
29
33
24
31
30
19
40
30
27
26
27
35
29
22
24
32
29
29
33
25
27
32
36
39
26
41
38
49
30
36
31
42
40
39
35
39
41
46
28
35
49
39
41
44
41
49
37
54
23
38
45
55
47
51
46
40
46
46
55
44
52
60
52
51
55
52
44
46
38
47
40
48
34
35
48
43
37
54
54
32
47
47
36
42
54
38
46
42
33
28
46
43
31
39
38
42
26
34
28
33
37
36
24
34
39
28
31
34
28
27
38
29
17
30
27
26
28
30
27
20
24
19
25
13
22
18
16
19
20
19
14
16
24
21
11
18
13
24
20
17
18
17
18
14
15
10
18
16
15
14
21
18
14
17
28
11
17
14
17
15
18
21
10
16
17
14
16
12
14
10
18
11
12
13
27
20
20
18
19
20
8
17
20
15
15
12
14
19
13
8
15
13
15
16
18
15
7
13
13
18
18
8
11
20
11
20
12
11
19
17
14
10
11
22
13
15
16
11
12
9
13
18
12
12
15
17
11
10
11
13
16
17
15
12
10
17
13
17
10
12
18
21
12
13
13
19
24
15
9
12
14
14
12
14
8
8
12
16
18
11
17
18
13
11
11
17
13
15
12
10
19
12
22
11
14
13
20
17
13
14
10
15
18
10
27
12
15
16
7
20
9
17
14
19
12
8
18
17
17
14
18
18
9
20
10
19
13
12
16
14
11
15
15
19
18
13
18
15
18
10
12
18
17
7
15
15
10
9
11
13
18
12
7
13
8
15
12
11
13
12
15
12
9
18
12
11
11
22
16
4
15
7
11
17
12
15
10
10
9
12
19
10
15
11
6
10
12
16
10
14
17
12
18
22
12
11
12
11
12
8
5
6
10
14
11
15
12
11
14
15
17
12
11
10
11
13
17
11
9
9
6
7
7
10
6
19
12
9
16
6
11
12
10
20
15
12
8
5
9
6
8
17
8
6
11
7
10
16
17
13
14
11
5
16
9
12
11
3
7
10
15
10
6
7
11
15
16
12
13
13
7
12
10
11
9
7
13
5
9
8
10
12
8
13
10
4
10
9
6
7
10
11
6
19
11
13
6
4
10
8
12
9
14
10
15
10
9
8
9
3
9
9
11
10
13
8
14
9
17
12
17
9
4
10
13
7
12
17
12
12
11
16
7
9
5
13
9
9
9
13
12
13
14
11
10
9
10
10
5
16
11
9
10
13
7
8
10
7
14
11
8
6
9
7
11
14
12
9
9
14
8
13
10
7
9
14
7
10
11
11
10
9
7
6
7
7
8
7
11
6
8
10
10
11
18
12
9
8
12
10
12
14
15
7
8
7
11
8
10
9
8
7
2
11
10
9
16
10
8
10
11
15
6
4
6
13
12
9
9
9
11
4
9
12
8
7
12
9
8
8
8
7
10
12
13
6
7
8
6
10
9
10
12
3
6
13
6
4
11
9
6
8
14
11
11
13
4
8
8
10
14
13
10
8
9
11
14
7
14
5
8
6
8
10
10
6
13
6
5
9
10
9
4
4
10
5
9
6
6
11
11
10
8
7
6
5
9
7
5
7
7
7
7
10
7
13
4
9
6
9
8
7
7
12
10
14
11
9
4
8
11
12
6
7
3
1
6
10
14
9
8
10
8
5
7
4
5
11
10
5
17
11
12
8
13
12
8
7
5
7
7
13
8
8
3
15
14
3
11
10
6
2
8
12
8
6
12
9
10
12
11
8
12
9
10
15
16
12
7
10
9
9
8
7
8
13
13
13
10
5
9
11
19
14
10
17
14
11
10
10
13
18
11
7
8
14
9
9
8
21
16
5
17
9
9
13
14
17
10
16
11
18
12
12
4
14
16
12
6
9
17
6
14
10
4
10
15
8
8
9
10
10
11
9
8
2
9
11
12
9
14
7
8
6
6
3
9
11
7
7
7
12
7
9
9
11
6
11
7
7
8
8
11
16
14
5
3
8
4
6
7
18
12
7
9
6
7
12
10
15
5
14
12
9
6
11
12
3
8
7
7
7
9
8
9
7
11
4
7
7
9
6
7
4
5
6
6
5
11
10
9
5
12
3
3
12
8
4
9
5
6
8
2
8
7
5
6
9
4
12
5
9
9
7
5
6
4
13
12
6
10
5
6
7
7
9
12
5
6
10
5
4
8
8
6
12
10
6
8
7
5
7
4
3
11
3
8
5
7
8
3
5
7
3
5
7
6
2
3
7
7
11
5
15
11
3
8
8
4
6
5
12
7
10
7
5
9
3
14
9
6
6
3
5
6
6
10
6
5
7
6
8
10
5
4
5
7
8
4
5
10
8
4
6
11
5
9
7
7
7
6
4
13
3
6
3
6
6
6
1
6
4
5
4
7
10
5
8
5
3
4
4
7
3
5
8
4
4
5
6
4
8
5
7
8
6
3
6
1
10
5
8
7
2
6
4
8
4
2
5
6
6
1
3
8
3
8
6
9
3
6
3
2
2
7
4
7
4
5
5
4
8
1
3
4
6
7
4
3
4
1
3
6
4
9
4
3
3
5
4
7
5
3
4
6
7
4
3
4
5
7
8
3
9
3
7
5
6
3
5
6
3
10
2
3
6
6
3
9
3
11
7
10
13
6
6
3
6
6
3
7
4
8
5
2
4
5
7
9
5
4
6
4
9
8
6
6
4
4
6
4
5
4
3
8
9
7
7
4
2
3
10
5
4
4
9
3
5
8
6
5
4
6
7
2
5
8
10
3
7
3
5
9
8
7
2
5
3
10
4
10
10
7
5
5
8
8
3
5
10
4
7
10
9
7
8
4
7
6
5
10
11
2
5
7
9
6
4
10
7
11
6
5
7
9
12
9
5
4
3
13
7
8
13
12
6
11
7
12
11
8
8
12
9
14
6
9
6
9
8
12
10
6
5
11
11
6
11
13
8
12
11
11
6
15
15
11
10
5
10
12
11
12
9
5
4
11
8
8
6
10
11
8
6
13
10
10
5
12
3
12
9
10
7
8
14
6
10
8
8
8
8
4
2
10
7
6
8
9
7
4
3
8
3
7
12
5
4
7
7
9
3
4
7
4
5
3
5
9
8
5
3
4
2
5
3
3
5
9
7
6
2
10
5
7
9
5
4
5
7
2
3
3
6
1
3
6
4
3
0
4
5
3
4
4
3
3
4
2
5
6
2
0
5
2
2
7
5
2
2
4
4
2
4
3
5
1
3
2
2
3
1
1
1
5
0
5
3
1
6
2
4
3
4
1
1
3
1
1
1
1
1
3
1
2
3
2
1
2
3
3
3
1
4
3
1
6
3
3
4
2
3
3
5
2
1
2
2
2
0
3
2
4
4
2
3
2
2
1
1
3
4
0
2
2
1
1
2
2
1
6
5
3
1
1
2
2
4
3
3
0
1
2
1
4
4
2
4
2
3
2
1
0
2
2
2
1
1
0
3
0
1
0
1
2
4
2
3
0
1
2
2
3
2
0
0
1
4
2
3
1
2
4
4
1
0
3
2
3
3
0
4
0
0
1
1
1
0
3
2
2
3
4
5
0
1
3
1
0
2
0
1
1
1
6
1
1
0
1
1
3
2
1
4
2
2
0
5
2
0
2
1
3
0
0
0
2
2
2
1
3
2
2
2
2
5
2
1
0
3
1
2
3
1
2
2
1
2
5
1
4
6
0
0
5
3
3
0
4
5
3
4
4
3
1
2
2
1
3
3
1
1
2
2
2
0
4
3
5
1
1
4
1
1
0
2
0
2
2
0
3
3
3
4
3
3
6
2
4
6
3
4
2
4
5
4
4
7
3
4
1
5
6
5
4
5
2
7
3
2
5
3
1
4
3
2
7
4
3
4
2
2
5
6
5
8
5
5
3
0
3
1
3
2
4
7
4
10
3
8
2
2
3
1
6
4
2
2
1
6
6
2
4
2
2
1
6
2
3
2
5
1
1
4
2
1
1
6
3
4
9
2
4
3
2
4
3
3
3
3
3
6
2
2
2
2
4
3
4
2
3
2
1
1
4
3
2
5
6
3
4
6
3
3
4
1
9
3
2
4
3
1
4
2
1
5
3
5
4
2
3
3
0
0
3
1
0
0
3
0
4
1
4
5
1
4
3
2
2
1
6
1
3
3
1
1
0
0
1
3
3
0
1
2
3
0
4
1
1
1
3
1
1
0
1
1
2
2
1
2
3
1
2
1
2
2
2
4
0
1
2
2
1
1
3
0
0
1
0
3
0
1
0
0
1
0
3
1
4
2
1
2
3
2
0
0
3
6
2
2
2
3
2
2
1
1
2
2
1
2
1
2
2
3
1
2
1
1
0
2
3
1
2
1
2
3
1
0
2
2
0
2
1
1
4
1
1
1
0
0
1
1
1
1
2
1
2
1
0
0
3
2
2
2
1
0
1
0
0
4
1
1
2
2
0
2
2
0
4
1
1
0
4
0
1
0
0
2
2
2
2
0
0
0
1
2
0
2
0
3
0
0
3
2
2
0
1
0
3
3
1
0
0
1
1
0
2
0
2
1
1
0
2
0
1
0
0
0
1
1
2
1
1
1
1
0
1
0
1
1
2
3
0
1
0
1
1
0
1
2
2
2
1
3
0
0
1
0
1
1
0
1
2
1
0
0
0
0
1
0
0
0
2
1
0
1
1
0
0
1
0
1
0
0
0
0
0
0
3
1
1
0
1
1
0
2
1
0
1
3
0
0
0
1
2
1
1
1
0
0
1
1
0
0
0
1
0
1
0
0
3
0
3
2
2
1
1
0
0
2
1
0
1
2
0
2
1
1
3
3
3
0
0
2
1
0
0
0
0
1
0
2
1
1
0
2
2
0
0
0
1
0
0
0
0
0
2
0
1
3
2
1
1
2
0
2
1
1
0
0
0
1
1
1
3
1
1
1
0
3
0
1
1
0
0
0
0
2
0
0
1
1
0
0
1
0
1
0
0
1
1
0
0
2
2
3
1
1
3
0
1
1
1
0
0
0
0
1
2
0
0
0
1
1
0
3
2
1
1
0
0
1
0
1
0
0
1
0
0
2
0
0
2
0
2
1
3
1
2
0
0
0
0
1
0
1
0
0
0
0
2
1
0
2
0
0
1
1
0
1
2
1
3
0
2
1
2
0
0
1
3
2
1
0
0
1
0
0
0
1
1
2
2
0
0
1
0
1
0
1
1
0
1
0
1
0
0
0
0
1
0
2
0
0
0
0
0
3
0
2
2
0
2
1
0
0
0
1
0
0
1
2
1
1
1
1
1
1
0
1
3
1
1
2
1
2
1
1
2
1
0
2
0
2
3
2
0
0
2
1
0
0
0
2
0
0
1
0
0
0
0
0
0
1
2
3
1
2
1
0
0
1
0
0
0
0
1
1
0
0
0
1
0
0
3
0
0
2
0
1
2
0
0
0
2
0
0
2
0
2
2
2
1
0
1
1
3
4
1
1
0
0
1
1
0
0
3
0
1
1
1
2
1
3
4
2
1
0
3
1
0
3
0
1
1
0
0
2
5
0
1
0
0
0
1
0
0
0
0
2
1
0
1
1
0
0
0
0
0
0
0
1
2
0
0
1
0
3
1
0
0
1
1
1
0
2
1
0
0
0
1
0
1
1
0
0
0
0
1
2
0
0
1
0
2
0
1
0
0
0
0
0
1
0
0
0
1
1
0
0
0
0
0
1
0
2
2
0
0
1
0
0
1
2
0
0
0
0
0
0
0
0
1
1
1
1
0
0
1
1
1
1
1
0
1
1
0
0
1
0
0
0
0
0
1
0
1
0
0
0
1
0
0
2
1
1
0
0
0
1
0
1
1
0
0
2
0
1
0
0
0
1
0
0
1
0
1
0
1
0
0
0
0
0
0
0
0
0
0
0
0
1
1
0
0
1
1
0
1
0
2
1
0
0
1
0
0
0
0
1
1
0
2
1
0
0
0
0
0
1
1
0
2
0
1
0
0
1
0
0
0
3
0
1
0
0
0
1
0
1
0
1
0
0
0
0
1
0
0
0
0
0
1
1
0
0
0
0
0
0
1
0
1
0
0
1
0
0
0
0
0
0
0
0
0
0
0
1
0
0
0
0
0
1
0
0
0
2
0
1
0
1
2
0
0
0
0
2
0
0
0
0
1
0
1
0
0
0
0
0
0
0
0
0
0
0
0
1
0
1
0
1
0
0
0
1
1
2
2
0
2
0
0
0
0
0
0
1
0
0
0
0
0
0
0
0
0
0
1
0
1
0
2
0
0
0
1
1
0
2
0
0
1
2
0
1
0
0
0
1
0
0
0
0
0
0
1
0
0
0
0
0
0
0
1
1
1
0
0
0
0
1
1
0
0
1
0
0
1
0
0
0
1
0
1
2
0
0
0
1
0
1
0
0
1
0
0
1
0
0
1
0
1
3
0
0
0
0
0
2
0
0
2
1
1
0
0
0
0
0
0
0
1
1
1
0
0
0
2
0
1
0
0
0
1
1
2
0
0
0
1
1
1
1
0
0
0
0
1
2
2
0
1
1
1
0
1
0
0
0
0
0
1
1
0
0
0
1
0
0
1
0
1
0
0
0
1
1
0
2
0
1
1
2
0
0
3
1
0
0
0
0
0
1
0
1
3
0
0
2
1
1
0
1
0
0
0
2
0
1
0
0
1
0
0
0
0
0
0
0
0
0
1
1
2
1
1
2
1
0
0
0
0
0
1
0
1
0
0
1
0
0
1
0
1
0
0
0
0
0
0
0
0
0
0
0
1
0
0
0
0
0
0
0
1
0
0
0
0
0
0
0
0
0
0
1
0
0
1
0
1
0
0
1
1
0
0
0
0
1
0
0
3
1
0
0
0
0
0
0
0
1
1
0
2
2
0
1
1
1
1
0
1
0
2
0
0
1
0
1
0
0
0
0
0
0
0
0
1
0
0
0
0
0
0
0
1
1
1
0
0
0
0
1
0
0
0
0
0
0
0
1
0
0
0
0
0
0
1
0
0
0
0
0
0
2
0
0
0
0
0
0
0
0
0
0
0
1
0
0
0
0
0
1
0
0
0
0
0
1
0
0
0
0
0
0
0
0
0
0
0
0
0
1
0
0
0
0
0
0
0
0
0
1
1
0
0
0
1
0
0
1
0
1
0
0
0
1
0
0
0
0
0
0
0
0
0
0
0
0
2
2
0
0
1
0
0
0
0
0
1
0
0
0
0
0
0
1
1
1
0
0
0
0
1
1
0
0
0
0
0
1
0
0
0
1
0
1
1
0
0
0
0
1
0
0
0
0
0
0
0
0
0
1
1
0
0
1
0
0
0
0
0
0
1
0
1
0
0
0
0
0
0
0
0
0
0
1
0
0
0
0
0
0
0
0
1
0
1
0
0
0
0
0
0
0
0
1
0
1
1
0
0
1
1
0
0
1
0
0
0
0
0
0
0
1
0
0
0
0
0
0
0
1
0
0
0
0
0
1
0
0
0
0
1
0
0
0
0
0
0
0
0
0
0
0
0
0
1
0
0
0
0
1
0
0
1
0
1
0
0
0
0
1
0
0
0
0
0
1
0
0
0
0
0
0
0
0
0
1
0
0
0
0
1
2
0
0
0
0
0
0
0
0
0
0
0
1
1
0
0
0
0
0
0
0
0
0
0
0
0
1
0
0
0
0
0
0
0
0
0
0
0
1
0
0
0
0
0
0
0
0
1
0
0
0
1
0
0
0
0
0
0
0
1
0
0
0
0
0
0
0
1
0
0
0
0
0
0
0
0
0
0
1
0
0
0
0
0
0
0
0
0
0
1
0
0
1
0
0
1
0
0
0
0
0
0
0
1
0
0
0
0
1
0
0
0
0
0
0
0
0
0
0
0
1
0
0
0
0
0
0
0
0
0
0
1
0
0
0
0
0
0
0
1
0
0
0
0
0
0
0
0
0
0
1
0
0
0
0
1
0
0
0
0
0
0
0
0
1
0
0
0
0
0
0
0
0
0
0
1
0
0
0
0
0
0
0
0
0
0
0
0
0
0
0
0
0
0
0
1
0
0
0
0
0
0
1
0
0
1
0
0
0
0
1
0
1
0
0
0
0
0
0
0
0
0
0
0
0
0
0
0
0
0
1
0
0
1
0
0
0
1
0
0
0
1
0
0
0
1
0
0
1
0
0
0
0
0
0
0
0
0
0
0
0
0
0
0
0
0
0
0
0
0
0
0
1
0
0
0
0
0
0
0
0
0
0
0
0
0
0
0
0
0
0
0
0
1
0
0
0
0
0
0
0
0
0
0
0
0
0
0
1
0
0
0
0
0
0
0
0
1
0
0
0
0
0
0
1
0
0
0
1
1
0
0
0
0
0
0
0
0
0
0
0
0
0
0
0
0
0
0
0
0
0
0
0
0
0
0
0
0
0
0
0
1
0
0
0
0
0
1
0
0
0
0
0
0
0
0
0
0
0
0
0
0
0
0
0
0
0
0
0
0
0
0
0
0
0
0
0
1
0
0
1
0
0
1
0
0
0
0
1
0
0
1
0
0
0
1
0
0
0
0
0
0
0
0
0
0
0
0
0
0
0
0
1
0
0
0
0
0
0
0
0
2
0
0
0
0
0
0
0
0
0
0
0
0
0
0
1
0
0
0
0
0
0
0
0
1
0
0
0
0
0
0
0
0
0
1
0
0
1
0
0
0
0
0
0
1
0
0
0
0
0
0
0
0
1
0
0
0
0
0
0
0
1
0
0
0
0
0
0
0
0
0
0
0
0
0
0
1
0
0
0
0
0
0
0
0
1
0
0
0
0
0
0
0
0
0
0
0
0
0
1
0
0
1
0
1
0
0
0
0
0
0
0
0
0
0
0
0
0
0
0
0
0
0
0
0
0
0
0
1
2
0
0
0
0
0
0
0
1
0
0
0
0
0
0
0
0
0
0
0
0
2
0
0
0
0
0
1
0
0
1
0
0
0
0
0
0
0
0
0
0
0
0
0
0
0
1
0
0
1
0
0
0
0
0
0
0
1
0
1
0
1
0
0
0
0
0
0
0
0
0
0
0
0
0
1
0
0
0
0
0
0
0
0
0
0
0
0
1
0
0
0
0
0
1
0
0
0
0
0
1
0
0
0
0
0
0
0
0
0
0
0
0
0
0
0
0
0
0
1
0
1
0
0
0
0
1
0
1
0
0
0
0
0
0
0
0
1
1
0
0
0
0
0
1
0
0
0
1
0
0
0
1
0
2
0
0
0
0
0
0
0
0
0
0
0
0
0
0
0
0
0
0
0
0
0
0
0
0
0
0
0
1
0
0
0
0
0
0
0
0
0
0
0
0
0
2
0
0
0
0
0
0
0
0
0
1
0
0
0
0
0
0
0
0
0
0
0
0
0
0
0
0
0
0
0
0
0
0
0
0
0
0
0
1
0
0
0
0
0
0
0
0
0
0
0
0
0
0
0
0
1
0
0
0
1
0
0
0
0
0
0
1
0
0
0
0
0
0
1
0
0
0
0
0
0
0
0
0
0
0
0
0
0
0
0
1
0
0
0
0
0
0
0
1
1
0
0
1
0
0
0
0
0
0
0
0
0
0
0
0
0
0
0
0
0
0
2
0
0
0
0
0
0
0
0
1
0
0
0
0
0
0
0
0
0
0
0
0
0
0
0
0
0
0
0
0
0
0
0
0
0
0
0
0
0
0
0
0
0
0
0
0
0
0
0
0
0
0
0
0
0
0
0
0
0
1
0
0
1
0
0
0
0
0
0
0
0
0
0
1
0
0
0
0
1
0
0
0
0
0
0
0
0
1
0
0
0
0
0
1
0
0
0
0
0
0
0
0
0
0
0
0
0
0
0
0
0
0
0
0
0
0
0
0
0
0
0
0
0
0
0
0
0
0
0
0
2
0
0
0
0
0
0
0
0
1
0
1
0
0
0
0
1
0
0
0
0
0
0
0
0
0
0
0
0
1
0
0
1
0
0
1
0
0
1
0
1
0
1
0
0
0
0
0
0
0
0
0
0
0
0
0
0
0
0
0
0
0
0
0
0
0
0
0
1
0
0
0
0
1
0
0
0
0
1
0
1
0
0
0
0
0
1
0
0
0
0
0
0
0
0
0
0
0
0
0
0
0
0
0
0
0
0
0
0
0
0
0
1
0
0
0
0
0
0
0
0
0
0
0
1
0
0
0
0
0
0
0
0
0
1
0
0
0
0
0
0
0
0
0
0
0
0
0
0
0
0
0
0
0
0
0
0
0
0
0
0
0
0
0
0
0
0
0
0
0
0
0
1
0
0
0
0
0
0
0
0
0
0
0
0
0
0
0
0
0
0
0
0
0
2
0
0
0
0
0
0
0
0
0
0
0
0
0
0
1
0
0
1
0
0
0
0
0
0
0
0
0
0
1
1
0
0
0
0
0
0
0
1
0
0
0
0
0
0
0
0
0
0
3
0
0
0
0
1
0
0
0
0
0
0
0
0
0
0
0
0
0
0
0
0
0
0
1
0
0
0
0
0
0
0
0
0
0
0
0
0
0
0
0
1
0
1
0
0
0
0
0
0
0
0
0
0
0
0
0
0
0
0
0
0
0
0
0
0
0
0
0
0
0
0
0
0
0
0
3
0
0
0
0
0
0
0
0
0
0
0
0
0
0
0
0
0
2
0
0
0
0
0
0
0
1
0
0
0
0
0
0
0
0
0
0
0
0
0
0
0
0
0
0
0
0
0
0
0
0
0
0
0
0
0
0
0
0
0
0
0
1
0
0
0
0
0
0
0
0
0
2
0
0
0
0
0
0
0
0
0
0
0
0
0
1
0
0
0
0
0
0
0
0
0
0
0
0
0
0
0
1
0
0
0
0
1
0
0
0
0
0
0
0
0
0
0
0
0
0
0
0
0
1
0
0
0
1
0
0
0
0
0
0
0
0
0
1
0
0
0
0
0
0
0
0
0
0
0
0
1
0
0
0
0
0
0
0
0
0
0
0
0
0
0
1
0
0
1
0
0
0
0
0
0
0
0
0
0
0
0
0
0
1
0
0
0
0
0
0
0
0
0
0
0
0
0
1
0
0
0
0
0
0
0
0
0
0
0
0
0
0
1
0
0
0
0
0
0
0
0
0
0
0
0
0
0
0
0
0
0
0
0
0
0
0
0
0
0
0
0
0
0
0
0
0
1
0
0
0
0
0
0
0
0
0
0
0
0
0
0
0
0
0
0
0
0
0
0
0
0
0
0
0
2
0
0
0
0
0
0
0
0
0
0
0
0
0
0
0
0
0
0
0
0
0
0
0
0
0
0
2
0
0
0
0
0
0
0
0
0
0
0
0
0
0
0
0
0
0
0
0
0
0
0
0
0
1
0
0
0
0
0
0
0
0
0
0
1
0
0
0
0
0
1
0
0
0
0
0
0
0
0
0
0
0
0
0
0
0
0
0
0
0
1
0
0
1
0
0
0
0
0
0
0
0
0
0
0
0
0
0
0
0
0
0
0
0
0
1
0
1
1
0
0
0
0
0
0
0
0
0
0
0
0
0
0
0
0
0
0
0
0
0
0
0
0
0
0
0
1
0
0
0
0
0
0
1
0
0
0
0
0
0
0
0
0
0
1
0
1
0
0
0
0
1
1
0
0
0
0
0
0
0
0
0
0
0
0
0
0
0
0
0
0
0
0
0
0
0
0
0
0
0
1
0
0
0
0
0
0
0
0
1
0
0
0
0
0
0
0
0
0
1
0
0
0
0
0
0
0
0
0
0
0
1
0
0
1
0
0
0
0
0
0
0
0
0
0
0
0
0
0
0
0
0
0
0
0
0
0
0
0
0
1
0
0
0
0
0
0
0
0
0
0
0
0
0
0
1
0
1
0
0
0
0
0
1
0
0
0
0
0
0
0
0
0
0
0
0
0
0
0
0
0
0
0
0
0
0
0
0
0
0
0
0
0
0
0
0
0
0
0
0
0
0
0
0
0
0
0
0
0
0
0
0
0
0
1
0
1
0
0
0
0
0
0
0
0
0
0
0
0
0
0
0
0
0
0
0
0
0
0
0
0
0
0
0
0
0
1
0
0
0
0
0
1
0
0
0
0
0
0
0
0
0
0
0
0
0
0
0
0
0
0
0
0
0
0
0
1
0
0
0
0
0
1
0
0
0
0
1
0
0
0
0
0
0
0
0
0
0
0
0
0
0
1
0
1
0
0
0
0
0
0
0
0
0
0
0
0
0
0
0
0
0
0
0
0
0
0
0
0
0
0
0
0
0
0
0
0
0
0
0
1
0
0
0
0
0
0
0
0
0
0
0
0
0
0
0
0
0
0
0
0
1
0
0
0
0
0
0
0
0
0
0
0
0
0
0
0
0
0
0
0
0
0
0
0
0
0
0
0
0
0
0
0
0
0
0
0
1
0
0
0
0
0
0
0
0
0
0
0
0
0
0
1
0
0
0
0
0
0
0
1
0
0
0
0
0
0
0
0
0
0
0
0
0
0
0
0
0
0
0
0
0
0
0
0
0
0
0
0
0
0
0
0
0
0
0
0
2
0
0
0
0
0
1
0
0
0
0
0
0
0
0
0
1
0
1
0
0
0
0
0
0
0
0
0
0
0
0
0
1
0
0
0
0
0
0
1
0
0
0
0
0
0
0
0
0
0
0
0
0
1
0
0
0
0
0
0
0
0
0
0
0
0
0
0
0
0
1
0
0
0
0
0
0
0
0
0
0
0
1
0
0
0
0
0
0
0
0
0
0
0
0
0
0
0
0
1
0
0
0
0
0
0
0
0
0
0
1
0
1
0
1
0
0
0
0
0
0
0
0
0
0
1
0
0
2
0
0
0
0
0
0
0
0
0
0
1
0
0
0
0
0
0
0
0
0
0
0
0
0
0
1
0
0
0
0
0
0
0
0
0
0
0
0
0
0
0
0
0
0
0
0
1
0
0
0
0
0
0
0
0
0
0
0
1
0
0
0
0
0
0
0
0
0
0
0
1
0
0
0
1
0
0
0
1
0
0
0
0
0
0
1
0
0
1
0
0
0
0
0
0
0
0
0
0
0
0
0
0
1
0
0
0
0
0
0
0
0
0
0
1
0
0
0
0
1
0
0
0
0
0
0
0
0
0
0
0
0
0
0
1
0
0
1
0
0
1
0
0
0
0
0
1
0
0
0
1
0
0
0
0
0
0
0
0
0
1
0
1
0
2
1
0
0
0
0
0
0
0
0
0
0
0
0
0
0
1
0
0
0
0
1
0
1
0
0
0
0
1
0
0
1
0
0
0
0
0
0
0
0
0
0
0
0
0
0
0
1
0
1
0
1
0
0
0
0
0
0
0
0
1
0
0
0
0
0
0
0
0
0
0
0
0
0
0
0
0
0
0
0
0
0
0
0
0
0
0
0
0
0
0
0
0
1
0
0
0
0
0
0
0
1
0
0
0
1
0
0
0
0
0
0
0
0
0
0
0
1
0
0
0
0
0
0
0
0
0
0
0
0
0
0
0
0
0
0
0
0
0
0
0
0
0
0
0
1
0
0
0
0
0
0
0
1
0
0
1
0
0
0
0
0
0
0
0
0
0
0
0
0
0
0
0
1
0
0
0
1
0
0
0
0
0
0
0
0
0
0
0
0
0
0
0
0
0
0
0
1
0
0
0
1
0
0
0
0
0
0
1
0
0
0
0
0
0
1
0
0
0
0
0
0
0
0
0
0
0
0
0
0
0
0
1
0
0
0
1
0
0
0
0
0
0
0
0
0
0
0
0
0
0
0
0
0
0
0
0
0
0
0
0
0
0
0
0
0
0
0
0
0
0
0
0
0
0
0
0
0
0
0
0
0
0
0
0
0
0
0
0
2
1
1
0
0
0
0
0
0
0
0
0
0
0
0
0
0
0
1
0
0
0
1
0
0
0
0
0
0
0
0
1
0
0
0
0
0
0
0
0
0
0
0
0
0
0
0
0
0
0
0
0
0
0
0
0
0
0
0
0
0
0
0
0
0
0
1
0
0
0
0
0
0
0
0
0
0
0
0
0
0
0
0
0
0
0
0
0
0
1
0
1
0
1
0
0
0
0
0
0
0
0
1
0
0
0
1
1
0
0
0
0
0
0
0
0
0
0
0
0
0
0
0
0
1
0
0
0
0
0
0
0
0
0
0
0
0
0
0
0
0
0
0
0
0
0
0
0
0
0
0
0
0
0
0
0
0
0
0
0
1
0
1
0
0
0
0
0
0
0
0
0
0
0
0
0
0
0
0
0
0
0
0
0
0
0
0
0
0
0
0
0
0
0
0
0
0
0
0
0
0
1
0
0
0
0
0
0
0
0
0
0
0
0
0
0
0
0
0
0
0
0
0
0
1
0
0
0
0
0
1
0
0
0
0
0
1
0
0
0
0
0
0
0
0
0
0
0
0
0
0
0
0
0
0
0
0
0
0
0
0
1
0
0
0
0
0
0
0
0
0
0
0
1
0
0
1
0
0
0
0
2
0
1
0
0
0
0
0
0
0
0
0
0
0
0
0
0
0
1
0
0
0
0
0
0
0
1
0
0
0
0
0
0
0
0
0
0
0
0
0
0
0
0
0
0
0
0
0
0
0
0
0
0
0
0
0
0
0
0
0
0
0
0
0
0
0
0
0
0
0
0
0
0
1
0
0
0
0
1
0
1
0
1
0
0
0
0
0
1
0
0
0
0
0
1
0
0
0
0
0
0
0
0
0
0
0
0
1
0
0
0
0
0
0
0
0
0
0
0
0
1
1
0
0
0
0
0
0
0
0
0
0
0
0
0
0
0
1
0
0
0
1
0
0
0
0
0
0
0
0
0
0
0
1
0
1
0
0
0
0
0
0
0
0
0
0
0
0
0
0
0
0
0
0
0
0
0
0
0
0
0
0
0
0
0
0
0
0
0
0
0
0
0
0
1
0
0
0
0
0
1
0
0
0
0
0
0
1
0
0
0
0
1
0
0
0
0
0
0
0
0
0
1
0
0
0
0
0
0
0
0
1
0
0
0
0
0
0
0
0
0
0
0
0
1
0
0
0
0
0
0
0
0
0
0
0
0
0
0
0
0
0
0
0
0
0
0
0
0
0
0
0
0
0
0
0
0
0
1
1
0
0
0
0
0
0
1
0
0
0
0
0
0
0
0
0
0
0
0
0
1
0
0
0
0
0
0
0
0
0
0
0
0
0
0
0
1
2
0
0
0
0
0
0
0
0
0
0
0
0
0
0
0
0
0
0
0
0
0
0
0
0
0
0
0
0
0
1
0
0
0
0
0
0
0
0
0
0
0
0
0
0
0
0
0
0
0
1
1
0
1
0
0
0
0
1
0
0
0
0
0
0
0
0
0
0
0
0
0
0
0
0
0
0
0
0
0
0
0
0
0
0
0
0
0
0
0
0
1
0
0
0
0
0
0
0
0
0
0
0
0
0
1
0
0
0
0
0
0
0
0
0
0
0
0
0
0
0
0
0
0
0
1
0
0
0
0
0
0
0
0
0
0
0
0
0
1
1
0
0
0
0
0
0
0
0
0
0
0
0
0
0
0
0
0
0
0
0
0
0
0
0
0
0
0
0
0
0
0
0
0
1
0
0
0
0
1
0
0
0
0
0
0
0
0
0
0
0
0
0
0
0
0
0
0
0
0
0
0
0
0
0
0
0
0
0
0
0
0
0
1
0
0
0
1
0
0
0
0
0
0
0
1
0
0
0
0
0
0
0
0
0
0
1
0
0
0
0
0
0
0
0
0
0
0
0
0
0
0
0
0
0
0
0
0
0
0
0
0
0
0
0
0
0
0
0
0
0
0
1
0
0
0
0
0
0
0
1
0
0
0
0
0
0
0
0
0
0
0
1
0
0
1
1
0
0
0
0
0
0
0
0
1
0
0
0
0
0
0
0
0
1
0
0
0
0
0
0
0
0
0
1
0
0
0
0
0
0
0
0
0
0
0
0
0
0
0
1
0
0
1
0
0
0
0
0
0
0
0
0
1
0
1
0
1
0
0
0
0
0
0
0
0
0
0
0
0
0
0
0
0
0
0
0
0
0
0
0
0
0
0
0
0
0
1
0
0
0
0
0
0
0
0
0
2
1
0
0
0
0
0
0
0
0
1
0
0
0
0
1
0
0
1
0
0
0
0
0
0
0
0
0
0
1
0
0
0
0
0
1
0
0
0
0
0
0
0
0
1
0
0
1
0
0
1
0
0
0
0
0
0
1
0
0
0
0
0
0
0
0
1
0
0
0
0
0
1
0
0
0
0
0
0
1
0
1
0
0
0
0
0
0
0
1
0
0
0
0
0
0
0
0
0
0
0
0
0
0
0
0
1
1
0
0
1
0
0
0
0
0
0
0
0
0
0
0
0
0
0
0
0
0
0
0
0
0
2
1
1
1
2
2
1
2
1
1
2
1
1
0
1
1
1
0
1
2
2
2
1
2
2
1
1
0
4
3
2
2
2
3
1
1
2
1
3
3
2
1
2
0
1
3
3
0
2
2
2
5
2
8
3
5
10
7
2
14
7
12
12
20
13
24
16
13
25
27
24
28
22
36
27
11
19
19
25
14
27
